dissimilarity_index_masks/DI_org_p.asc
ncols 436
nrows 368
xllcorner -79.66666666666832
yllcorner -20.583333333334952
cellsize 0.08333333333333333
nodata_value -9999.0
[rows 248 to 278 of 368, columns 355 to 425 of 436]
0.1438 0.1428 0.1392 0.1282 0.1189 0.1304 0.1328 0.1452 0.1165 0.1340 0.1103 0.1458 0.0836 0.0879 0.0842 0.0881 0.0969 0.1313 0.1247 0.1484 0.1105 0.1158 0.1097 0.1584 0.1835 0.1918 0.1580 0.1120 0.0937 0.0787 0.0938 0.0858 0.1015 0.0892 0.0853 0.1309 0.1388 0.1044 0.0997 0.1057 0.1023 0.0976 0.0924 0.1215 0.1039 0.1178 -9999.0000 -9999.0000 -9999.0000 -9999.0000 -9999.0000 -9999.0000 -9999.0000 -9999.0000 -9999.0000 -9999.0000 -9999.0000 -9999.0000 -9999.0000 -9999.0000 -9999.0000 -9999.0000 -9999.0000 -9999.0000 -9999.0000 -9999.0000 -9999.0000 -9999.0000 -9999.0000 -9999.0000 -9999.0000
0.1261 0.1366 0.1173 0.1209 0.1230 0.1281 0.1446 0.1480 0.1527 0.1200 0.1245 0.1030 0.0753 0.0718 0.1019 0.0878 0.1501 0.0985 0.1014 0.1212 0.1049 0.1026 0.0956 0.1197 0.2139 0.2006 0.1620 0.1709 0.0882 0.0784 0.1340 0.1255 0.1161 0.1115 0.1082 0.1698 0.1118 0.0921 0.0966 0.0841 0.1161 0.0970 0.0916 0.1295 0.1342 0.1164 -9999.0000 -9999.0000 -9999.0000 -9999.0000 -9999.0000 -9999.0000 -9999.0000 -9999.0000 -9999.0000 -9999.0000 -9999.0000 -9999.0000 -9999.0000 -9999.0000 -9999.0000 -9999.0000 -9999.0000 -9999.0000 -9999.0000 -9999.0000 -9999.0000 -9999.0000 -9999.0000 -9999.0000 -9999.0000
0.1316 0.1368 0.1216 0.1460 0.1303 0.1326 0.1247 0.1532 0.1211 0.1396 0.1129 0.0805 0.1035 0.0950 0.0998 0.0756 0.1814 0.0873 0.1448 0.1031 0.1195 0.1158 0.1005 0.1548 0.1921 0.1886 0.1649 0.1294 0.1363 0.0893 0.0945 0.1071 0.1123 0.1146 0.1129 0.0921 0.1617 0.0975 0.1058 0.0989 0.1062 0.0880 0.1037 0.1289 0.1227 -9999.0000 -9999.0000 -9999.0000 -9999.0000 -9999.0000 -9999.0000 -9999.0000 -9999.0000 -9999.0000 -9999.0000 -9999.0000 -9999.0000 -9999.0000 -9999.0000 -9999.0000 -9999.0000 -9999.0000 -9999.0000 -9999.0000 -9999.0000 -9999.0000 -9999.0000 -9999.0000 -9999.0000 -9999.0000 -9999.0000
0.1903 0.1558 0.1229 0.1311 0.1280 0.1496 0.1339 0.1314 0.1395 0.1014 0.1255 0.1048 0.1091 0.0985 0.1029 0.1479 0.1692 0.0970 0.1683 0.1432 0.1286 0.1109 0.1112 0.1588 0.1283 0.1955 0.1570 0.1281 0.1303 0.1433 0.0825 0.0702 0.0771 0.0805 0.1014 0.0815 0.0875 0.1130 0.1087 0.1325 0.1087 0.1025 0.0973 0.1096 -9999.0000 -9999.0000 -9999.0000 -9999.0000 -9999.0000 -9999.0000 -9999.0000 -9999.0000 -9999.0000 -9999.0000 -9999.0000 -9999.0000 -9999.0000 -9999.0000 -9999.0000 -9999.0000 -9999.0000 -9999.0000 -9999.0000 -9999.0000 -9999.0000 -9999.0000 -9999.0000 -9999.0000 -9999.0000 -9999.0000 -9999.0000
0.1322 0.1629 0.1199 0.1287 0.1405 0.1310 0.1405 0.1568 0.1549 0.1393 0.1132 0.1204 0.0991 0.0988 0.1062 0.0949 0.1398 0.1045 0.1071 0.1480 0.0977 0.1175 0.1201 0.1196 0.1288 0.1044 0.1607 0.1427 0.1003 0.1290 0.1782 0.1460 0.0980 0.0903 0.1033 0.1097 0.0767 0.1005 0.1316 0.1276 0.1143 0.1026 0.1106 0.1537 -9999.0000 -9999.0000 -9999.0000 -9999.0000 -9999.0000 -9999.0000 -9999.0000 -9999.0000 -9999.0000 -9999.0000 -9999.0000 -9999.0000 -9999.0000 -9999.0000 -9999.0000 -9999.0000 -9999.0000 -9999.0000 -9999.0000 -9999.0000 -9999.0000 -9999.0000 -9999.0000 -9999.0000 -9999.0000 -9999.0000 -9999.0000
0.1618 0.1761 0.1386 0.1604 0.1259 0.1287 0.1372 0.1347 0.1337 0.1054 0.1033 0.0977 0.1079 0.1112 0.1220 0.1038 0.1273 0.1197 0.1278 0.1323 0.1006 0.0688 0.1300 0.1318 0.1176 0.0866 0.1355 0.1327 0.0927 0.0878 0.1455 0.0833 0.0897 0.0761 0.0758 0.0871 0.0913 0.1136 0.1132 0.1528 0.1448 0.1281 0.1147 -9999.0000 -9999.0000 -9999.0000 -9999.0000 -9999.0000 -9999.0000 -9999.0000 -9999.0000 -9999.0000 -9999.0000 -9999.0000 -9999.0000 -9999.0000 -9999.0000 -9999.0000 -9999.0000 -9999.0000 -9999.0000 -9999.0000 -9999.0000 -9999.0000 -9999.0000 -9999.0000 -9999.0000 -9999.0000 -9999.0000 -9999.0000 -9999.0000
0.1470 0.1426 0.1409 0.1653 0.1468 0.1389 0.1487 0.1560 0.1517 0.1271 0.1138 0.0803 0.1026 0.1219 0.1193 0.1238 0.1138 0.1192 0.1232 0.1131 0.1436 0.1530 0.1124 0.1204 0.1109 0.0966 0.1634 0.1472 0.0912 0.0836 0.1316 0.1108 0.0899 0.0765 0.1302 0.0929 0.1006 0.1329 0.1091 0.1244 0.1332 0.1482 0.1548 -9999.0000 -9999.0000 -9999.0000 -9999.0000 -9999.0000 -9999.0000 -9999.0000 -9999.0000 -9999.0000 -9999.0000 -9999.0000 -9999.0000 -9999.0000 -9999.0000 -9999.0000 -9999.0000 -9999.0000 -9999.0000 -9999.0000 -9999.0000 -9999.0000 -9999.0000 -9999.0000 -9999.0000 -9999.0000 -9999.0000 -9999.0000 -9999.0000
0.1995 0.1638 0.1294 0.1228 0.1738 0.1251 0.1347 0.1424 0.1291 0.1463 0.1358 0.1182 0.1212 0.1301 0.1125 0.1278 0.1152 0.1254 0.1207 0.1516 0.1035 0.1322 0.1369 0.1171 0.1432 0.1042 0.1045 0.1185 0.1505 0.1676 0.1288 0.1340 0.1053 0.1547 0.1508 0.0880 0.1050 0.0841 0.0995 0.1471 0.1368 0.1581 -9999.0000 -9999.0000 -9999.0000 -9999.0000 -9999.0000 -9999.0000 -9999.0000 -9999.0000 -9999.0000 -9999.0000 -9999.0000 -9999.0000 -9999.0000 -9999.0000 -9999.0000 -9999.0000 -9999.0000 -9999.0000 -9999.0000 -9999.0000 -9999.0000 -9999.0000 -9999.0000 -9999.0000 -9999.0000 -9999.0000 -9999.0000 -9999.0000 -9999.0000
0.3162 0.1867 0.1434 0.1476 0.1593 0.1327 0.1658 0.1507 0.1315 0.1515 0.1086 0.1484 0.1324 0.1059 0.0999 0.1225 0.1131 0.1057 0.1328 0.1257 0.1161 0.1244 0.1300 0.1387 0.1343 0.1450 0.1097 0.1504 0.1574 0.1866 0.1679 0.1455 0.1833 0.1134 0.1661 0.1225 0.0917 0.0899 0.1486 0.1247 0.1899 -9999.0000 -9999.0000 -9999.0000 -9999.0000 -9999.0000 -9999.0000 -9999.0000 -9999.0000 -9999.0000 -9999.0000 -9999.0000 -9999.0000 -9999.0000 -9999.0000 -9999.0000 -9999.0000 -9999.0000 -9999.0000 -9999.0000 -9999.0000 -9999.0000 -9999.0000 -9999.0000 -9999.0000 -9999.0000 -9999.0000 -9999.0000 -9999.0000 -9999.0000 -9999.0000
0.1857 0.1573 0.1355 0.1314 0.1735 0.1308 0.1425 0.1262 0.1570 0.1590 0.1439 0.1277 0.1299 0.1246 0.0963 0.1181 0.1002 0.1064 0.1410 0.1326 0.1365 0.1169 0.1165 0.1178 0.1164 0.1059 0.0977 0.0831 0.0753 0.1095 0.1370 0.1500 0.2277 0.1252 0.1216 0.1860 0.1434 0.1006 0.1274 0.1317 0.1659 -9999.0000 -9999.0000 -9999.0000 -9999.0000 -9999.0000 -9999.0000 -9999.0000 -9999.0000 -9999.0000 -9999.0000 -9999.0000 -9999.0000 -9999.0000 -9999.0000 -9999.0000 -9999.0000 -9999.0000 -9999.0000 -9999.0000 -9999.0000 -9999.0000 -9999.0000 -9999.0000 -9999.0000 -9999.0000 -9999.0000 -9999.0000 -9999.0000 -9999.0000 -9999.0000
0.1748 0.2597 0.1258 0.1379 0.1643 0.1509 0.1213 0.1468 0.1093 0.1299 0.1260 0.1562 0.0970 0.1178 0.1102 0.1143 0.0985 0.1296 0.1366 0.1203 0.1285 0.1398 0.1056 0.1339 0.1160 0.1318 0.1050 0.1585 0.1753 0.0996 0.1664 0.1898 0.1579 0.1587 0.1639 0.1546 0.1347 0.1514 0.1814 0.1132 0.1324 0.1791 -9999.0000 -9999.0000 -9999.0000 -9999.0000 -9999.0000 -9999.0000 -9999.0000 -9999.0000 -9999.0000 -9999.0000 -9999.0000 -9999.0000 -9999.0000 -9999.0000 -9999.0000 -9999.0000 -9999.0000 -9999.0000 -9999.0000 -9999.0000 -9999.0000 -9999.0000 -9999.0000 -9999.0000 -9999.0000 -9999.0000 -9999.0000 -9999.0000 -9999.0000
0.1885 0.1348 0.1258 0.1505 0.1231 0.1283 0.1362 0.0951 0.1246 0.1408 0.1298 0.1045 0.1146 0.1022 0.1050 0.0999 0.1448 0.1367 0.0941 0.1225 0.1294 0.1245 0.1275 0.1387 0.1032 0.1324 0.1556 0.1076 0.1398 0.1244 0.1841 0.1733 0.1796 0.1439 0.1547 0.1193 0.1586 0.1398 0.1543 0.1119 0.1043 0.1643 0.2042 0.1497 -9999.0000 -9999.0000 -9999.0000 -9999.0000 -9999.0000 -9999.0000 -9999.0000 -9999.0000 -9999.0000 -9999.0000 -9999.0000 -9999.0000 -9999.0000 -9999.0000 -9999.0000 -9999.0000 -9999.0000 -9999.0000 -9999.0000 -9999.0000 -9999.0000 -9999.0000 -9999.0000 -9999.0000 -9999.0000 -9999.0000 -9999.0000
0.1670 0.1554 0.1307 0.1573 0.2030 0.1468 0.1480 0.1355 0.0959 0.1619 0.1063 0.0849 0.1265 0.0997 0.1088 0.1649 0.1236 0.1373 0.1113 0.1264 0.1365 0.1416 0.1334 0.1402 0.1266 0.1243 0.1249 0.1141 0.1016 0.1616 0.1496 0.1875 0.1519 0.1316 0.1303 0.1434 0.1520 0.1293 0.1937 0.1754 0.1699 0.1506 0.1541 0.1269 0.1624 -9999.0000 -9999.0000 -9999.0000 -9999.0000 -9999.0000 -9999.0000 -9999.0000 -9999.0000 -9999.0000 -9999.0000 -9999.0000 -9999.0000 -9999.0000 -9999.0000 -9999.0000 -9999.0000 -9999.0000 -9999.0000 -9999.0000 -9999.0000 -9999.0000 -9999.0000 -9999.0000 -9999.0000 -9999.0000 -9999.0000
0.1666 0.1702 0.1646 0.1736 0.1885 0.1627 0.1715 0.1142 0.1002 0.1188 0.1363 0.0943 0.1063 0.1124 0.1247 0.1440 0.1261 0.1311 0.1282 0.0948 0.1384 0.1335 0.1182 0.1456 0.1393 0.1268 0.1289 0.1203 0.1251 0.1734 0.1864 0.1850 0.1416 0.1589 0.1553 0.1300 0.1530 0.1577 0.1711 0.2129 0.1845 0.1837 0.1921 0.1850 -9999.0000 -9999.0000 -9999.0000 -9999.0000 -9999.0000 -9999.0000 -9999.0000 -9999.0000 -9999.0000 -9999.0000 -9999.0000 -9999.0000 -9999.0000 -9999.0000 -9999.0000 -9999.0000 -9999.0000 -9999.0000 -9999.0000 -9999.0000 -9999.0000 -9999.0000 -9999.0000 -9999.0000 -9999.0000 -9999.0000 -9999.0000
0.1840 0.1412 0.1598 0.1648 0.1977 0.1940 0.1457 0.1158 0.1353 0.1206 0.1218 0.0952 0.1087 0.1071 0.0940 0.1291 0.1289 0.1451 0.1337 0.1337 0.1285 0.1278 0.1047 0.1207 0.1266 0.1203 0.1098 0.1363 0.1806 0.1117 0.1078 0.1606 0.1654 0.1589 0.1694 0.1725 0.1337 0.1452 0.1425 0.1784 0.1533 0.1913 0.1380 0.1667 -9999.0000 -9999.0000 -9999.0000 -9999.0000 -9999.0000 -9999.0000 -9999.0000 -9999.0000 -9999.0000 -9999.0000 -9999.0000 -9999.0000 -9999.0000 -9999.0000 -9999.0000 -9999.0000 -9999.0000 -9999.0000 -9999.0000 -9999.0000 -9999.0000 -9999.0000 -9999.0000 -9999.0000 -9999.0000 -9999.0000 -9999.0000
0.1426 0.1434 0.1287 0.1349 0.2186 0.1705 0.1099 0.1077 0.1428 0.0882 0.1426 0.1081 0.1019 0.1285 0.1041 0.1320 0.1197 0.1550 0.1309 0.1220 0.1231 0.1269 0.0928 0.1099 0.1241 0.1205 0.1160 0.1435 0.1364 0.1645 0.1497 0.1579 0.1619 0.1785 0.1653 0.1613 0.1730 0.1485 0.1634 0.2014 0.1448 0.1985 0.1696 0.1460 -9999.0000 -9999.0000 -9999.0000 -9999.0000 -9999.0000 -9999.0000 -9999.0000 -9999.0000 -9999.0000 -9999.0000 -9999.0000 -9999.0000 -9999.0000 -9999.0000 -9999.0000 -9999.0000 -9999.0000 -9999.0000 -9999.0000 -9999.0000 -9999.0000 -9999.0000 -9999.0000 -9999.0000 -9999.0000 -9999.0000 -9999.0000
0.1444 0.1739 0.1646 0.1300 0.1850 0.1319 0.1157 0.1094 0.0860 0.0929 0.1083 0.1208 0.1253 0.1298 0.1539 0.1187 0.1030 0.1442 0.1526 0.1410 0.1461 0.1237 0.1005 0.1012 0.1281 0.1237 0.1378 0.1350 0.1292 0.1402 0.1720 0.1593 0.1884 0.1552 0.1906 0.1639 0.1748 0.1270 0.1497 0.1694 0.1579 0.1375 0.1910 0.1256 -9999.0000 -9999.0000 -9999.0000 -9999.0000 -9999.0000 -9999.0000 -9999.0000 -9999.0000 -9999.0000 -9999.0000 -9999.0000 -9999.0000 -9999.0000 -9999.0000 -9999.0000 -9999.0000 -9999.0000 -9999.0000 -9999.0000 -9999.0000 -9999.0000 -9999.0000 -9999.0000 -9999.0000 -9999.0000 -9999.0000 -9999.0000
0.1435 0.1574 0.1986 0.1281 0.1288 0.1556 0.0956 0.1182 0.1372 0.1200 0.1222 0.1188 0.1154 0.1063 0.1118 0.1207 0.0769 0.0903 0.1533 0.1425 0.1406 0.0950 0.1146 0.1128 0.0994 0.1184 0.1744 0.1474 0.1507 0.1566 0.1721 0.1841 0.1740 0.1497 0.1539 0.1637 0.1623 0.1442 0.1682 0.1696 0.1439 0.1477 0.1600 -9999.0000 -9999.0000 -9999.0000 -9999.0000 -9999.0000 -9999.0000 -9999.0000 -9999.0000 -9999.0000 -9999.0000 -9999.0000 -9999.0000 -9999.0000 -9999.0000 -9999.0000 -9999.0000 -9999.0000 -9999.0000 -9999.0000 -9999.0000 -9999.0000 -9999.0000 -9999.0000 -9999.0000 -9999.0000 -9999.0000 -9999.0000 -9999.0000
0.1652 0.1378 0.1550 0.1591 0.1437 0.1557 0.1237 0.1121 0.1102 0.1071 0.1012 0.1108 0.1189 0.1001 0.1062 0.0947 0.0888 0.1060 0.1465 0.1417 0.1187 0.0979 0.0847 0.1035 0.0799 0.1073 0.1552 0.1767 0.1200 0.1437 0.1558 0.1690 0.1724 0.1272 0.1678 0.1307 0.1490 0.1763 0.1555 0.1875 0.1486 0.1467 0.1381 0.1478 -9999.0000 -9999.0000 -9999.0000 -9999.0000 -9999.0000 -9999.0000 -9999.0000 -9999.0000 -9999.0000 -9999.0000 -9999.0000 -9999.0000 -9999.0000 -9999.0000 -9999.0000 -9999.0000 -9999.0000 -9999.0000 -9999.0000 -9999.0000 -9999.0000 -9999.0000 -9999.0000 -9999.0000 -9999.0000 -9999.0000 -9999.0000
0.1707 0.1674 0.1317 0.1182 0.1116 0.1419 0.1303 0.1336 0.1049 0.1210 0.1013 0.0915 0.1032 0.1086 0.1172 0.1086 0.1634 0.1607 0.1474 0.1429 0.1278 0.1253 0.1045 0.1201 0.0948 0.0925 0.1780 0.1625 0.1267 0.1499 0.1453 0.1159 0.1590 0.1500 0.1556 0.1131 0.1992 0.1188 0.1572 0.1583 0.1687 0.1364 0.1940 0.1736 -9999.0000 -9999.0000 -9999.0000 -9999.0000 -9999.0000 -9999.0000 -9999.0000 -9999.0000 -9999.0000 -9999.0000 -9999.0000 -9999.0000 -9999.0000 -9999.0000 -9999.0000 -9999.0000 -9999.0000 -9999.0000 -9999.0000 -9999.0000 -9999.0000 -9999.0000 -9999.0000 -9999.0000 -9999.0000 -9999.0000 -9999.0000
0.1671 0.1421 0.1350 0.1376 0.1445 0.1512 0.1589 0.1265 0.1197 0.1153 0.1328 0.1157 0.1141 0.1169 0.1359 0.1350 0.1677 0.1369 0.1334 0.1325 0.1344 0.1347 0.1181 0.1242 0.0840 0.0879 0.1836 0.1187 0.1150 0.1283 0.1545 0.1620 0.1388 0.1563 0.1571 0.1037 0.1439 0.1229 0.1316 0.1602 0.1535 0.1851 0.1481 0.1711 -9999.0000 -9999.0000 -9999.0000 -9999.0000 -9999.0000 -9999.0000 -9999.0000 -9999.0000 -9999.0000 -9999.0000 -9999.0000 -9999.0000 -9999.0000 -9999.0000 -9999.0000 -9999.0000 -9999.0000 -9999.0000 -9999.0000 -9999.0000 -9999.0000 -9999.0000 -9999.0000 -9999.0000 -9999.0000 -9999.0000 -9999.0000
0.1651 0.1649 0.1752 0.1360 0.1185 0.1087 0.1469 0.1328 0.1290 0.1182 0.1309 0.1097 0.0914 0.1045 0.1647 0.1478 0.1061 0.1659 0.1166 0.1078 0.1119 0.1390 0.1475 0.0966 0.0888 0.0987 0.0874 0.1169 0.1289 0.1160 0.1498 0.1681 0.1647 0.1427 0.1712 0.1734 0.1419 0.1379 0.1580 0.1855 0.1200 0.1747 0.1553 0.1676 0.1924 -9999.0000 -9999.0000 -9999.0000 -9999.0000 -9999.0000 -9999.0000 -9999.0000 -9999.0000 -9999.0000 -9999.0000 -9999.0000 -9999.0000 -9999.0000 -9999.0000 -9999.0000 -9999.0000 -9999.0000 -9999.0000 -9999.0000 -9999.0000 -9999.0000 -9999.0000 -9999.0000 -9999.0000 -9999.0000 -9999.0000
0.1804 0.1723 0.1376 0.1360 0.1521 0.1506 0.1845 0.1274 0.1166 0.1780 0.1323 0.0994 0.1259 0.1006 0.1143 0.1532 0.1194 0.1174 0.1032 0.1163 0.1617 0.1199 0.1374 0.1096 0.1372 0.1522 0.1395 0.1237 0.1347 0.1446 0.1240 0.1465 0.1477 0.1545 0.1720 0.1851 0.0973 0.1074 0.1421 0.1229 0.2097 0.1433 0.1241 0.1879 0.1905 -9999.0000 -9999.0000 -9999.0000 -9999.0000 -9999.0000 -9999.0000 -9999.0000 -9999.0000 -9999.0000 -9999.0000 -9999.0000 -9999.0000 -9999.0000 -9999.0000 -9999.0000 -9999.0000 -9999.0000 -9999.0000 -9999.0000 -9999.0000 -9999.0000 -9999.0000 -9999.0000 -9999.0000 -9999.0000 -9999.0000
0.1427 0.1291 0.1228 0.1338 0.1276 0.1481 0.1401 0.1429 0.1569 0.1340 0.1180 0.1193 0.1133 0.1098 0.0951 0.1640 0.1253 0.1094 0.0851 0.1169 0.1661 0.1180 0.1367 0.1517 0.1192 0.1387 0.1222 0.1317 0.1247 0.1310 0.1628 0.1342 0.1644 0.1440 0.1647 0.1834 0.1060 0.1542 0.1420 0.1449 0.1783 0.1516 0.1550 0.1848 0.1427 -9999.0000 -9999.0000 -9999.0000 -9999.0000 -9999.0000 -9999.0000 -9999.0000 -9999.0000 -9999.0000 -9999.0000 -9999.0000 -9999.0000 -9999.0000 -9999.0000 -9999.0000 -9999.0000 -9999.0000 -9999.0000 -9999.0000 -9999.0000 -9999.0000 -9999.0000 -9999.0000 -9999.0000 -9999.0000 -9999.0000
0.1513 0.1405 0.1551 0.1476 0.1132 0.1279 0.1203 0.1215 0.1150 0.1418 0.1539 0.1183 0.1097 0.1046 0.1383 0.1122 0.1154 0.1354 0.0952 0.0984 0.1567 0.1410 0.1132 0.1267 0.1200 0.1355 0.1183 0.1326 0.1401 0.1285 0.1082 0.1378 0.1479 0.1458 0.1152 0.1611 0.1319 0.1875 0.1374 0.1240 0.2002 0.1735 0.1870 0.1407 0.1568 -9999.0000 -9999.0000 -9999.0000 -9999.0000 -9999.0000 -9999.0000 -9999.0000 -9999.0000 -9999.0000 -9999.0000 -9999.0000 -9999.0000 -9999.0000 -9999.0000 -9999.0000 -9999.0000 -9999.0000 -9999.0000 -9999.0000 -9999.0000 -9999.0000 -9999.0000 -9999.0000 -9999.0000 -9999.0000 -9999.0000
0.1275 0.1613 0.1551 0.1273 0.1141 0.1068 0.1164 0.1209 0.1153 0.1199 0.1020 0.1256 0.1251 0.1254 0.1185 0.1113 0.1117 0.1501 0.0994 0.1339 0.1649 0.1210 0.1019 0.1052 0.1071 0.0954 0.1367 0.1183 0.1119 0.1239 0.1453 0.1191 0.1523 0.1188 0.1445 0.1220 0.1186 0.2005 0.1555 0.1120 0.1380 0.1059 0.1134 0.1317 0.1413 -9999.0000 -9999.0000 -9999.0000 -9999.0000 -9999.0000 -9999.0000 -9999.0000 -9999.0000 -9999.0000 -9999.0000 -9999.0000 -9999.0000 -9999.0000 -9999.0000 -9999.0000 -9999.0000 -9999.0000 -9999.0000 -9999.0000 -9999.0000 -9999.0000 -9999.0000 -9999.0000 -9999.0000 -9999.0000 -9999.0000
0.1013 0.1074 0.1099 0.1369 0.1188 0.1256 0.1056 0.1415 0.1429 0.1261 0.1176 0.1071 0.1176 0.0921 0.1003 0.1089 0.0961 0.1280 0.1293 0.1776 0.1247 0.1181 0.1512 0.1305 0.0811 0.0801 0.1203 0.1452 0.1245 0.1459 0.1253 0.1187 0.1381 0.1585 0.1551 0.1671 0.1595 0.2081 0.2702 0.1430 0.2146 0.1454 0.1011 0.1586 0.1344 -9999.0000 -9999.0000 -9999.0000 -9999.0000 -9999.0000 -9999.0000 -9999.0000 -9999.0000 -9999.0000 -9999.0000 -9999.0000 -9999.0000 -9999.0000 -9999.0000 -9999.0000 -9999.0000 -9999.0000 -9999.0000 -9999.0000 -9999.0000 -9999.0000 -9999.0000 -9999.0000 -9999.0000 -9999.0000 -9999.0000
0.1180 0.1032 0.1091 0.1049 0.1091 0.0950 0.1124 0.1344 0.1043 0.1301 0.1351 0.1153 0.1211 0.1206 0.1066 0.1027 0.1093 0.1867 0.0778 0.1496 0.1479 0.1166 0.1327 0.1532 0.1710 0.1727 0.1149 0.1469 0.1327 0.1371 0.1230 0.1387 0.1525 0.1143 0.1727 0.1875 0.1636 0.2074 0.2493 0.2638 0.2145 0.1630 0.1759 0.1608 0.1276 -9999.0000 -9999.0000 -9999.0000 -9999.0000 -9999.0000 -9999.0000 -9999.0000 -9999.0000 -9999.0000 -9999.0000 -9999.0000 -9999.0000 -9999.0000 -9999.0000 -9999.0000 -9999.0000 -9999.0000 -9999.0000 -9999.0000 -9999.0000 -9999.0000 -9999.0000 -9999.0000 -9999.0000 -9999.0000 -9999.0000
0.1180 0.1052 0.0979 0.1037 0.0957 0.1137 0.1168 0.1584 0.1151 0.1102 0.1100 0.1172 0.1308 0.1266 0.1158 0.1356 0.1107 0.0803 0.1605 0.1763 0.0801 0.1172 0.1253 0.1059 0.1382 0.1920 0.1058 0.1383 0.1412 0.1373 0.1270 0.1618 0.1665 0.1520 0.1581 0.1686 0.1695 0.2197 0.1989 0.1670 0.2623 0.2233 0.1821 0.1838 0.1536 0.2089 -9999.0000 -9999.0000 -9999.0000 -9999.0000 -9999.0000 -9999.0000 -9999.0000 -9999.0000 -9999.0000 -9999.0000 -9999.0000 -9999.0000 -9999.0000 -9999.0000 -9999.0000 -9999.0000 -9999.0000 -9999.0000 -9999.0000 -9999.0000 -9999.0000 -9999.0000 -9999.0000 -9999.0000 -9999.0000
0.1271 0.1048 0.0980 0.0907 0.1095 0.1212 0.1402 0.1145 0.1341 0.1295 0.1189 0.1050 0.1101 0.0986 0.1150 0.1333 0.0902 0.1345 0.1385 0.1035 0.0707 0.0823 0.1243 0.1217 0.0723 0.2303 0.1454 0.1428 0.1404 0.1276 0.1351 0.1607 0.1555 0.1432 0.1290 0.1574 0.1419 0.1313 0.1478 0.1800 0.1869 0.1690 0.1895 0.2016 0.2409 -9999.0000 -9999.0000 -9999.0000 -9999.0000 -9999.0000 -9999.0000 -9999.0000 -9999.0000 -9999.0000 -9999.0000 -9999.0000 -9999.0000 -9999.0000 -9999.0000 -9999.0000 -9999.0000 -9999.0000 -9999.0000 -9999.0000 -9999.0000 -9999.0000 -9999.0000 -9999.0000 -9999.0000 -9999.0000 -9999.0000
0.0951 0.1005 0.1017 0.0932 0.1106 0.1227 0.1303 0.1179 0.1109 0.1025 0.1128 0.1040 0.1269 0.1011 0.1335 0.1221 0.0906 0.1093 0.1504 0.1571 0.0755 0.0802 0.1029 0.1757 0.0698 0.1745 0.2711 0.1587 0.1240 0.1522 0.1257 0.1416 0.1561 0.1925 0.1073 0.1358 0.1915 0.1550 0.2195 0.1884 0.1747 0.1621 0.2087 0.1748 -9999.0000 -9999.0000 -9999.0000 -9999.0000 -9999.0000 -9999.0000 -9999.0000 -9999.0000 -9999.0000 -9999.0000 -9999.0000 -9999.0000 -9999.0000 -9999.0000 -9999.0000 -9999.0000 -9999.0000 -9999.0000 -9999.0000 -9999.0000 -9999.0000 -9999.0000 -9999.0000 -9999.0000 -9999.0000 -9999.0000 -9999.0000
