dissimilarity_index_masks/DI_org_p.asc
ncols 436
nrows 368
xllcorner -79.66666666666832
yllcorner -20.583333333334952
cellsize 0.08333333333333333
nodata_value -9999.0
[rows 124 to 154 of 368, columns 142 to 212 of 436]
0.2338 0.2085 0.1580 0.1952 0.0958 0.1754 0.1649 0.2654 0.0787 0.0857 0.1659 0.0954 0.2263 0.1395 0.1749 0.0906 0.0978 0.0713 0.0916 0.0900 0.0825 0.0853 0.0772 0.0957 0.0812 0.1125 0.0881 0.0981 0.1270 0.1167 0.1031 0.0772 0.0651 0.1044 0.1043 0.0827 0.1024 0.0887 0.0861 0.0995 0.1085 0.0856 0.1104 0.1006 0.1073 0.0748 0.1162 0.1214 0.1200 0.1228 0.1412 0.1293 0.1360 0.0792 0.1089 0.0823 0.0964 0.1294 0.1298 0.0936 0.1357 0.1239 0.1206 0.1310 0.1190 0.1006 0.1029 0.1377 0.1377 0.1265 0.1007
0.1958 0.1548 0.2349 0.1833 0.1714 0.1356 0.1176 0.0786 0.0980 0.0878 0.0786 0.0860 0.0888 0.1345 0.1181 0.0852 0.0895 0.0959 0.0963 0.0933 0.0916 0.0829 0.0965 0.0748 0.0736 0.0854 0.1060 0.1208 0.1002 0.0967 0.0915 0.1032 0.1035 0.0799 0.0937 0.1001 0.0763 0.1175 0.0686 0.1167 0.1102 0.0952 0.1031 0.1393 0.1179 0.1090 0.1188 0.1192 0.1042 0.1156 0.1200 0.1020 0.1287 0.1937 0.1892 0.1319 0.0981 0.1202 0.1352 0.1307 0.1356 0.1201 0.1217 0.1179 0.1074 0.1019 0.1201 0.1084 0.1363 0.0992 0.1377
0.2330 0.1939 0.2297 0.1775 0.1434 0.1443 0.1802 0.0987 0.0765 0.0762 0.0927 0.0992 0.0774 0.1195 0.0788 0.0816 0.1033 0.0876 0.0975 0.0836 0.0621 0.0966 0.0700 0.0976 0.0980 0.1047 0.0797 0.0758 0.1212 0.1047 0.1088 0.1010 0.1061 0.1072 0.1135 0.1050 0.0683 0.1174 0.1145 0.1000 0.1131 0.0849 0.1049 0.0897 0.0943 0.1206 0.0930 0.1178 0.0757 0.1016 0.1164 0.1500 0.1468 0.1548 0.2003 0.0956 0.1059 0.1296 0.1274 0.1075 0.1067 0.1073 0.1203 0.1183 0.1012 0.1247 0.1033 0.0824 0.0998 0.0911 0.1363
0.2514 0.1192 0.1763 0.1875 0.1401 0.1925 0.1193 0.1724 0.1119 0.0816 0.0935 0.0939 0.1125 0.1218 0.1084 0.0885 0.0697 0.0949 0.0824 0.0739 0.0632 0.0745 0.0691 0.0945 0.1084 0.0754 0.0648 0.0700 0.0849 0.0742 0.0826 0.1015 0.0936 0.0954 0.1131 0.1232 0.0936 0.0944 0.1042 0.1029 0.1216 0.0839 0.0981 0.1368 0.1275 0.0849 0.0905 0.0629 0.0668 0.1210 0.1248 0.1245 0.1278 0.2271 0.1756 0.2644 0.1506 0.2523 0.1116 0.1844 0.1301 0.1386 0.1371 0.0731 0.1261 0.0931 0.1646 0.0834 0.0669 0.1227 0.1457
0.1277 0.2626 0.2682 0.2071 0.1057 0.1638 0.1947 0.1161 0.0914 0.0810 0.1233 0.0826 0.1131 0.1056 0.0725 0.0938 0.0721 0.1159 0.1001 0.1140 0.0676 0.0762 0.0957 0.0754 0.0696 0.1024 0.0717 0.1067 0.0774 0.0856 0.0938 0.1100 0.0912 0.1138 0.1019 0.0750 0.1332 0.0900 0.0871 0.0871 0.1142 0.1058 0.0958 0.1242 0.0955 0.0850 0.1246 0.1235 0.0923 0.1021 0.0753 0.0724 0.1011 0.1479 0.1452 0.0991 0.1292 0.1924 0.3631 0.1803 0.2079 0.1672 0.1863 0.1056 0.1035 0.1189 0.1033 0.1041 0.1036 0.0672 0.1846
0.2698 0.2192 0.2137 0.2273 0.1406 0.1394 0.1665 0.1409 0.1419 0.1921 0.1677 0.1163 0.0848 0.1223 0.1010 0.1133 0.0745 0.1035 0.1037 0.0922 0.0818 0.0829 0.0850 0.0690 0.0947 0.0568 0.1111 0.1205 0.0747 0.0831 0.0771 0.1453 0.0886 0.0829 0.1359 0.0928 0.0740 0.0802 0.0767 0.1304 0.1370 0.1070 0.0855 0.0942 0.1194 0.1010 0.1009 0.0898 0.0670 0.1318 0.1118 0.1580 0.0914 0.1075 0.0960 0.1113 0.1588 0.1637 0.2735 0.2339 0.4030 0.2454 0.2370 0.0933 0.1127 0.1061 0.1224 0.1105 0.1117 0.0707 0.0917
0.2510 0.2446 0.2256 0.1934 0.1826 0.1541 0.1288 0.1449 0.1112 0.0985 0.1133 0.0995 0.0918 0.0947 0.0965 0.1244 0.0900 0.0845 0.0944 0.1245 0.0765 0.0984 0.0910 0.0867 0.0762 0.0629 0.1122 0.0869 0.0976 0.1025 0.0823 0.0874 0.1279 0.0800 0.0792 0.0955 0.1126 0.0783 0.0842 0.0654 0.1193 0.0869 0.0788 0.0713 0.0734 0.0896 0.1002 0.0868 0.1140 0.0964 0.1323 0.1888 0.1423 0.1644 0.0862 0.1216 0.2020 0.1356 0.1159 0.1959 0.3686 0.3310 0.2478 0.1361 0.1672 0.1215 0.1284 0.1190 0.0778 0.0805 0.0853
0.2104 0.1623 0.1181 0.1629 0.1224 0.1372 0.2036 0.1250 0.0963 0.1195 0.1167 0.0884 0.0956 0.0928 0.1151 0.0690 0.0990 0.0594 0.0715 0.0801 0.1327 0.1018 0.0899 0.1138 0.1130 0.0801 0.0606 0.1136 0.1356 0.0860 0.0808 0.0695 0.1167 0.0924 0.0954 0.0750 0.0945 0.0711 0.0947 0.0785 0.0591 0.0791 0.0682 0.0834 0.0846 0.0975 0.0840 0.0888 0.0895 0.0947 0.0845 0.1196 0.1229 0.0970 0.0956 0.0809 0.1813 0.1214 0.1398 0.1502 0.1349 0.3227 0.2381 0.2319 0.1823 0.1105 0.1210 0.1484 0.0693 0.1017 0.0848
0.2240 0.1948 0.2218 0.1223 0.1566 0.1723 0.1189 0.1493 0.1189 0.0973 0.0660 0.1557 0.0747 0.1016 0.1174 0.0976 0.0931 0.0923 0.0947 0.0723 0.0962 0.0898 0.0920 0.1228 0.0901 0.1045 0.1293 0.0588 0.1022 0.0632 0.0987 0.0963 0.0932 0.0597 0.0956 0.0715 0.0875 0.0774 0.0701 0.0614 0.0742 0.0781 0.0921 0.1028 0.1340 0.0812 0.0777 0.1647 0.0855 0.1080 0.1652 0.0955 0.1073 0.1161 0.1355 0.0944 0.1336 0.1047 0.0973 0.1306 0.1303 0.2184 0.1860 0.2169 0.1099 0.2212 0.1601 0.1197 0.1138 0.1054 0.1031
0.2275 0.1776 0.2135 0.1673 0.1749 0.1719 0.2009 0.1798 0.1648 0.0818 0.0760 0.0873 0.0968 0.1537 0.1077 0.1076 0.0615 0.1069 0.0825 0.0885 0.1100 0.0973 0.0561 0.0812 0.1296 0.0712 0.0917 0.0994 0.1080 0.0908 0.0737 0.0746 0.0625 0.0753 0.0853 0.1038 0.0723 0.0632 0.0923 0.0837 0.0956 0.1030 0.1300 0.1361 0.0781 0.0869 0.1041 0.1578 0.1347 0.1059 0.0948 0.1773 0.0915 0.2599 0.1363 0.1329 0.1115 0.0853 0.0955 0.0837 0.0932 0.1185 0.1234 0.1438 0.1532 0.1299 0.1625 0.1300 0.1080 0.0848 0.0797
0.2022 0.1471 0.1811 0.2598 0.1989 0.1493 0.1572 0.1693 0.1566 0.1450 0.1569 0.1428 0.0989 0.0899 0.1058 0.0734 0.0634 0.1177 0.0944 0.0956 0.0727 0.0930 0.1080 0.1102 0.1342 0.0876 0.0827 0.0896 0.0950 0.0674 0.0769 0.0923 0.0694 0.0803 0.0980 0.0649 0.0749 0.1062 0.0788 0.0630 0.0869 0.0902 0.1225 0.0969 0.1342 0.1218 0.0944 0.1101 0.1088 0.0663 0.1225 0.2125 0.1484 0.1012 0.0855 0.1845 0.1371 0.2004 0.1307 0.0660 0.0847 0.0911 0.1364 0.1186 0.1175 0.1582 0.1117 0.1163 0.1306 0.1279 0.1434
0.2743 0.2319 0.1409 0.2657 0.2081 0.1940 0.1491 0.1800 0.1653 0.1574 0.0756 0.1583 0.1393 0.0670 0.0751 0.1192 0.1007 0.0845 0.0875 0.1023 0.0960 0.0553 0.0831 0.0827 0.0779 0.0717 0.0957 0.0938 0.0733 0.0848 0.0911 0.0958 0.1019 0.0682 0.0550 0.1091 0.1124 0.0605 0.0976 0.1217 0.0960 0.1128 0.1076 0.1489 0.0817 0.1102 0.0872 0.0963 0.2123 0.1786 0.0952 0.1300 0.1380 0.0602 0.1062 0.0687 0.0815 0.0686 0.0656 0.0710 0.0649 0.0602 0.0873 0.0700 0.1513 0.1254 0.1611 0.1101 0.1221 0.1032 0.1131
0.3045 0.2220 0.2265 0.2432 0.2658 0.1571 0.1681 0.1285 0.2042 0.2389 0.1183 0.1375 0.0646 0.1175 0.0743 0.0808 0.1102 0.1184 0.0639 0.0839 0.1079 0.0820 0.0526 0.1043 0.0672 0.1057 0.1157 0.1029 0.0837 0.0616 0.0549 0.0928 0.0814 0.0950 0.0876 0.0857 0.1179 0.1085 0.0814 0.1129 0.1260 0.1237 0.0913 0.0943 0.1418 0.0967 0.0995 0.0921 0.1460 0.1796 0.0939 0.1250 0.2013 0.1015 0.0719 0.0778 0.1318 0.1219 0.0846 0.0942 0.1397 0.1262 0.0974 0.0624 0.0755 0.1238 0.1073 0.1107 0.0906 0.0989 0.1459
0.2920 0.2545 0.2621 0.1814 0.1551 0.1977 0.1613 0.2149 0.2067 0.1478 0.1427 0.1424 0.1917 0.1067 0.1041 0.0949 0.1048 0.1428 0.0744 0.1138 0.0763 0.0808 0.1006 0.0810 0.0576 0.0783 0.0814 0.0659 0.0619 0.0915 0.0689 0.0894 0.0878 0.1098 0.0721 0.1015 0.1106 0.1255 0.1409 0.1421 0.1190 0.1511 0.1150 0.1693 0.1455 0.1098 0.1258 0.1881 0.1464 0.1750 0.2001 0.0893 0.1454 0.1708 0.0712 0.0837 0.0882 0.0991 0.0824 0.0903 0.2037 0.1537 0.0751 0.1260 0.1445 0.1527 0.1793 0.0839 0.1486 0.0928 0.0989
0.3257 0.2762 0.2427 0.2151 0.1579 0.1860 0.2181 0.1394 0.1716 0.1845 0.1925 0.1637 0.1018 0.1498 0.0997 0.0821 0.0991 0.0874 0.0940 0.0817 0.0974 0.0966 0.1382 0.1316 0.0972 0.0751 0.0708 0.0950 0.1103 0.1219 0.0543 0.1060 0.1226 0.1445 0.1072 0.1025 0.1007 0.1323 0.1470 0.1141 0.1030 0.0988 0.1421 0.0870 0.1077 0.1432 0.1131 0.1467 0.2131 0.1310 0.1896 0.1961 0.1648 0.0834 0.0983 0.1409 0.1310 0.1428 0.1249 0.1135 0.1357 0.1066 0.1314 0.0670 0.1590 0.0806 0.0845 0.0773 0.0897 0.0729 0.1006
0.2758 0.2628 0.2645 0.1799 0.2504 0.2557 0.1971 0.1523 0.1840 0.1658 0.1719 0.1249 0.1463 0.1929 0.1174 0.1794 0.0774 0.0741 0.1092 0.0734 0.1175 0.1071 0.0785 0.0664 0.1038 0.0726 0.1477 0.0779 0.0972 0.0969 0.0808 0.1232 0.1126 0.1023 0.1003 0.1123 0.1312 0.1303 0.1265 0.1593 0.1194 0.1040 0.1230 0.1808 0.1526 0.1772 0.1544 0.0859 0.1134 0.1417 0.1739 0.1935 0.1032 0.1789 0.2232 0.1423 0.1490 0.1140 0.1164 0.0919 0.1208 0.0691 0.1341 0.1195 0.1097 0.1388 0.0858 0.0926 0.0806 0.1001 0.0866
0.2310 0.2130 0.2748 0.2698 0.3049 0.2677 0.2057 0.2067 0.1791 0.2670 0.1755 0.1949 0.1777 0.1910 0.1665 0.1151 0.1633 0.1147 0.2060 0.1213 0.0784 0.0914 0.1089 0.0823 0.0696 0.0843 0.1109 0.0988 0.0936 0.0960 0.1390 0.1126 0.1717 0.1703 0.1099 0.1452 0.1560 0.1639 0.1354 0.1477 0.1571 0.1145 0.1228 0.1186 0.0999 0.0959 0.1015 0.2182 0.1332 0.0977 0.0818 0.1024 0.1650 0.0711 0.0798 0.1100 0.1471 0.1647 0.1822 0.1240 0.1437 0.1347 0.1443 0.1567 0.1566 0.1413 0.1318 0.1477 0.1082 0.1119 0.0941
0.1779 0.2626 0.2542 0.3150 0.2600 0.2849 0.1798 0.2680 0.1525 0.1350 0.2664 0.1797 0.1734 0.1543 0.1604 0.2039 0.2295 0.2034 0.1960 0.1901 0.1801 0.1441 0.1927 0.1082 0.0788 0.0953 0.0873 0.0953 0.1127 0.0992 0.0947 0.1090 0.1055 0.1205 0.2008 0.1534 0.1511 0.1508 0.1348 0.1506 0.1131 0.1586 0.0864 0.1747 0.0680 0.1247 0.1285 0.1234 0.1201 0.1267 0.1515 0.1060 0.1374 0.1476 0.1292 0.0952 0.1846 0.1832 0.1830 0.1488 0.2330 0.1756 0.1133 0.1388 0.0865 0.1440 0.1272 0.1031 0.1570 0.0945 0.1327
0.3000 0.3214 0.3113 0.2388 0.2106 0.2487 0.2126 0.2222 0.1987 0.1911 0.1571 0.1570 0.1977 0.1895 0.1790 0.2271 0.1191 0.2043 0.1856 0.2244 0.1222 0.1802 0.1604 0.1444 0.1451 0.1251 0.1170 0.1201 0.1109 0.1583 0.1404 0.1694 0.1591 0.1904 0.1888 0.1756 0.1570 0.1415 0.1536 0.1712 0.1130 0.1248 0.2103 0.1407 0.2168 0.0988 0.1069 0.1284 0.1082 0.1140 0.1204 0.0919 0.1089 0.1047 0.1103 0.1325 0.1438 0.1381 0.1654 0.1469 0.1813 0.0801 0.1782 0.1495 0.1426 0.1842 0.1726 0.1070 0.0955 0.0904 0.0992
0.3187 0.2837 0.2516 0.2127 0.2405 0.2385 0.2384 0.2400 0.2374 0.2569 0.1473 0.1529 0.1545 0.1707 0.1738 0.1922 0.2217 0.1920 0.1985 0.2109 0.2834 0.2234 0.2349 0.1776 0.1946 0.1488 0.1562 0.1078 0.1034 0.0677 0.1359 0.1362 0.2175 0.1755 0.1615 0.1940 0.1763 0.1670 0.1623 0.1898 0.1797 0.1960 0.1547 0.1229 0.1332 0.1705 0.0889 0.0974 0.1034 0.1039 0.1219 0.1170 0.1455 0.1253 0.1704 0.1708 0.1194 0.0609 0.1875 0.1200 0.1441 0.1588 0.1788 0.1133 0.1436 0.1296 0.1271 0.1151 0.1100 0.1483 0.0967
0.3046 0.2989 0.2291 0.3133 0.1962 0.2347 0.2641 0.3308 0.3287 0.2358 0.1513 0.1620 0.1508 0.1576 0.1838 0.1832 0.1897 0.2448 0.2566 0.2230 0.2361 0.2676 0.2215 0.2277 0.2340 0.2036 0.1598 0.1917 0.2038 0.1807 0.2665 0.2115 0.2181 0.2064 0.1798 0.2001 0.1733 0.1618 0.1715 0.1703 0.1640 0.2084 0.2045 0.1322 0.1448 0.0991 0.0836 0.0816 0.0886 0.0971 0.1273 0.1457 0.0948 0.1034 0.1117 0.1544 0.1003 0.0976 0.1220 0.1441 0.1180 0.1579 0.1826 0.1201 0.1336 0.1132 0.1308 0.1259 0.0965 0.0847 0.1232
0.3128 0.3002 0.2349 0.3146 0.3310 0.2798 0.2846 0.2617 0.2606 0.2255 0.2114 0.2251 0.1750 0.2096 0.2073 0.1927 0.1737 0.1879 0.2340 0.2025 0.2681 0.2605 0.2288 0.2301 0.2877 0.2709 0.2310 0.2225 0.2295 0.2693 0.2932 0.1156 0.2105 0.2059 0.2026 0.1785 0.2195 0.2450 0.1937 0.1693 0.1439 0.1424 0.1523 0.1386 0.1531 0.1025 0.0826 0.0869 0.1592 0.0995 0.0960 0.0890 0.1151 0.1199 0.0949 0.0878 0.1626 0.1306 0.1338 0.1321 0.1188 0.1216 0.0960 0.1087 0.1216 0.1334 0.1688 0.0867 0.1066 0.0938 0.1662
0.3047 0.2917 0.3110 0.2596 0.3266 0.2679 0.2805 0.2832 0.2162 0.1849 0.2025 0.1861 0.2015 0.2118 0.1913 0.2282 0.2096 0.2197 0.2271 0.2544 0.2497 0.2716 0.2461 0.2051 0.2800 0.2030 0.2351 0.1699 0.2414 0.2909 0.2366 0.2368 0.2266 0.1945 0.2121 0.2000 0.2255 0.2167 0.2169 0.2088 0.1816 0.1643 0.1937 0.1856 0.1548 0.2542 0.0952 0.0896 0.1280 0.0912 0.0786 0.0940 0.1003 0.2164 0.1286 0.1320 0.1176 0.1467 0.1156 0.1196 0.1300 0.1087 0.0864 0.1360 0.1143 0.0911 0.1491 0.1031 0.0911 0.1483 0.1177
0.3269 0.3085 0.2966 0.2829 0.3253 0.3234 0.2423 0.2686 0.2436 0.2541 0.1956 0.2229 0.1820 0.2261 0.1843 0.2060 0.2606 0.2590 0.2678 0.2741 0.2799 0.2295 0.2737 0.2409 0.2339 0.2731 0.2315 0.2407 0.2584 0.2687 0.2918 0.4888 0.2707 0.2186 0.2310 0.1859 0.2291 0.2337 0.2004 0.1840 0.1504 0.1702 0.2191 0.1980 0.1462 0.1352 0.0985 0.0947 0.1062 0.0832 0.0909 0.0827 0.1045 0.0816 0.1147 0.1189 0.1497 0.2207 0.1372 0.1208 0.1508 0.1024 0.1078 0.1147 0.0891 0.1061 0.1522 0.1406 0.1179 0.0949 0.0695
0.3173 0.3110 0.2736 0.3303 0.3315 0.2963 0.1990 0.2219 0.1807 0.1975 0.2224 0.1848 0.2185 0.2153 0.1935 0.2344 0.2530 0.2351 0.2216 0.2367 0.2243 0.2446 0.2957 0.2895 0.2947 0.2211 0.2410 0.2394 0.2496 0.3919 0.2981 0.2759 0.2330 0.2486 0.2131 0.3720 0.2249 0.2174 0.2049 0.1949 0.1806 0.1764 0.1583 0.1478 0.1772 0.1154 0.1235 0.0959 0.1355 0.0974 0.0910 0.1204 0.1433 0.1020 0.1281 0.1464 0.1599 0.1612 0.1479 0.1244 0.1113 0.0890 0.1182 0.1248 0.0966 0.0918 0.0899 0.0897 0.0898 0.0571 0.0751
0.3296 0.3112 0.3011 0.2896 0.3060 0.2491 0.2844 0.2084 0.2572 0.2654 0.2380 0.2130 0.2260 0.2027 0.2133 0.2412 0.2706 0.2632 0.2511 0.2908 0.2813 0.2844 0.2937 0.2867 0.2723 0.2645 0.2901 0.3090 0.2646 0.3006 0.3573 0.2422 0.2592 0.2497 0.2102 0.2304 0.2697 0.2356 0.2336 0.2444 0.1809 0.1716 0.2663 0.1302 0.2087 0.1324 0.1057 0.1052 0.0889 0.0901 0.1110 0.0915 0.0974 0.1624 0.1249 0.1130 0.1126 0.1597 0.1420 0.1261 0.1356 0.0979 0.1005 0.0886 0.1226 0.0838 0.0922 0.0615 0.0571 0.0919 0.1205
0.2622 0.2641 0.1794 0.1812 0.3195 0.2573 0.2150 0.2172 0.2561 0.2431 0.2497 0.2539 0.2145 0.2428 0.3157 0.2360 0.2328 0.1873 0.2504 0.1993 0.1151 0.2376 0.2849 0.2343 0.2588 0.2824 0.2591 0.2634 0.3317 0.4616 0.2684 0.2657 0.2599 0.2983 0.2398 0.2160 0.2330 0.2138 0.2235 0.2136 0.2098 0.2036 0.1873 0.1449 0.1203 0.1358 0.0990 0.1031 0.0961 0.1015 0.1011 0.1278 0.1392 0.1442 0.1398 0.1137 0.1213 0.1179 0.1583 0.0898 0.1631 0.1137 0.1144 0.0961 0.1011 0.1145 0.0949 0.0687 0.0713 0.0950 0.0820
0.2574 0.2632 0.1823 0.2208 0.2519 0.2156 0.2003 0.1827 0.3259 0.2656 0.2125 0.2392 0.2160 0.2311 0.2849 0.2087 0.2353 0.1316 0.1877 0.1523 0.1090 0.1589 0.1555 0.1796 0.2592 0.3005 0.2862 0.2601 0.2452 0.2615 0.2763 0.2990 0.2881 0.2855 0.2942 0.2258 0.2315 0.2508 0.2138 0.2480 0.2451 0.2075 0.1779 0.1739 0.1985 0.1113 0.2082 0.1473 0.1327 0.1046 0.1253 0.1096 0.1523 0.1791 0.1297 0.1139 0.1409 0.0892 0.1102 0.1218 0.1315 0.0964 0.0932 0.0906 0.0700 0.1593 0.0595 0.1093 0.1026 0.1103 0.0677
0.2138 0.2118 0.2093 0.1922 0.2287 0.2408 0.2117 0.1972 0.1847 0.2245 0.2144 0.1740 0.2212 0.1997 0.2511 0.2642 0.2516 0.2337 0.1566 0.0837 0.1934 0.1260 0.0964 0.1927 0.2250 0.2212 0.2545 0.2814 0.2742 0.2690 0.2885 0.3328 0.2652 0.2792 0.2497 0.2531 0.2544 0.2577 0.2525 0.2010 0.2395 0.2081 0.2065 0.1814 0.1639 0.1602 0.1557 0.1256 0.1386 0.1259 0.1374 0.1300 0.1406 0.1931 0.1368 0.1462 0.1229 0.1557 0.1556 0.1260 0.1639 0.1179 0.1009 0.1013 0.0806 0.0870 0.0967 0.0456 0.0572 0.0509 0.0982
0.1699 0.1781 0.1883 0.1940 0.1764 0.1781 0.2132 0.2005 0.1778 0.3138 0.2447 0.1799 0.2029 0.1561 0.1853 0.1716 0.1697 0.0891 0.1438 0.1431 0.1282 0.1574 0.2415 0.2662 0.2463 0.2198 0.2716 0.2211 0.2567 0.2636 0.3571 0.3607 0.2346 0.2802 0.2579 0.2492 0.2428 0.2670 0.2319 0.1908 0.2356 0.2492 0.1235 0.1231 0.1991 0.1397 0.1421 0.1106 0.0978 0.1540 0.1107 0.1579 0.0911 0.1157 0.1517 0.1287 0.1428 0.1411 0.1555 0.1475 0.0905 0.0789 0.0940 0.0953 0.0677 0.0954 0.0746 0.1039 0.0650 0.1000 0.1088
0.1667 0.1498 0.1483 0.1543 0.2012 0.1884 0.2221 0.1942 0.2643 0.2047 0.1745 0.2320 0.1772 0.1783 0.1953 0.2076 0.1894 0.1673 0.1986 0.1966 0.2182 0.1608 0.1901 0.2552 0.2106 0.2788 0.2456 0.2793 0.2796 0.2632 0.2607 0.2825 0.2468 0.2952 0.2832 0.2653 0.2520 0.2484 0.2307 0.2763 0.1843 0.1615 0.1538 0.1056 0.1571 0.2333 0.1415 0.1706 0.1533 0.1289 0.1730 0.1227 0.1553 0.1366 0.1062 0.1031 0.1139 0.1415 0.1105 0.0905 0.1091 0.0872 0.0851 0.0564 0.0493 0.0614 0.0837 0.0912 0.0503 0.0560 0.0942
