dissimilarity_index_masks/DI_org_p.asc
ncols 436
nrows 368
xllcorner -79.66666666666832
yllcorner -20.583333333334952
cellsize 0.08333333333333333
nodata_value -9999.0
[rows 31 to 61 of 368, columns 213 to 283 of 436]
0.1981 0.2003 0.1823 0.2023 0.1785 0.1718 0.1465 0.2667 0.2418 0.1849 0.1596 0.1976 0.1515 0.1638 0.1984 0.1577 0.3828 0.4240 0.2391 0.2727 0.1822 0.2949 0.2048 0.1725 0.1947 0.3644 0.1855 0.5266 0.5134 0.3617 0.4130 0.5804 0.3778 0.5504 0.4274 0.4545 0.4177 0.5337 0.4548 -9999.0000 -9999.0000 -9999.0000 -9999.0000 -9999.0000 -9999.0000 -9999.0000 -9999.0000 -9999.0000 -9999.0000 -9999.0000 -9999.0000 -9999.0000 -9999.0000 -9999.0000 -9999.0000 -9999.0000 -9999.0000 -9999.0000 -9999.0000 -9999.0000 -9999.0000 -9999.0000 -9999.0000 -9999.0000 -9999.0000 -9999.0000 -9999.0000 -9999.0000 -9999.0000 -9999.0000 -9999.0000
0.1903 0.1898 0.2015 0.2007 0.1866 0.1700 0.1505 0.1632 0.1543 0.1668 0.1880 0.1837 0.1754 0.1734 0.3066 0.2064 0.1733 0.1929 0.1744 0.2733 0.2296 0.1829 0.2331 0.3321 0.2581 0.3055 0.2262 0.3239 0.2823 0.2337 0.4431 0.5567 0.5787 0.3865 0.4456 0.4222 0.4125 0.4274 0.4634 0.4804 -9999.0000 -9999.0000 -9999.0000 -9999.0000 -9999.0000 -9999.0000 -9999.0000 -9999.0000 -9999.0000 -9999.0000 -9999.0000 -9999.0000 -9999.0000 -9999.0000 -9999.0000 -9999.0000 -9999.0000 -9999.0000 -9999.0000 -9999.0000 -9999.0000 -9999.0000 -9999.0000 -9999.0000 -9999.0000 -9999.0000 -9999.0000 -9999.0000 -9999.0000 -9999.0000 -9999.0000
0.1426 0.1600 0.1915 0.1918 0.1816 0.1639 0.1581 0.1733 0.1595 0.1500 0.1564 0.1708 0.1457 0.1479 0.1828 0.1551 0.1655 0.1710 0.2857 0.2982 0.2193 0.3405 0.1850 0.2168 0.3974 0.1941 0.3659 0.2417 0.2879 0.2525 0.1760 0.4540 0.3785 0.4039 0.2286 0.4814 0.4613 0.5929 0.4448 0.4343 -9999.0000 -9999.0000 -9999.0000 -9999.0000 -9999.0000 -9999.0000 -9999.0000 -9999.0000 -9999.0000 -9999.0000 -9999.0000 -9999.0000 -9999.0000 -9999.0000 -9999.0000 -9999.0000 -9999.0000 -9999.0000 -9999.0000 -9999.0000 -9999.0000 -9999.0000 -9999.0000 -9999.0000 -9999.0000 -9999.0000 -9999.0000 -9999.0000 -9999.0000 -9999.0000 -9999.0000
0.2214 0.1798 0.1907 0.1934 0.1871 0.1554 0.1685 0.1537 0.1439 0.1593 0.1709 0.1925 0.1622 0.1542 0.1759 0.1530 0.1541 0.2874 0.1541 0.1731 0.2986 0.1616 0.2759 0.2822 0.3033 0.1627 0.2241 0.3403 0.2852 0.2165 0.2268 0.3610 0.4381 0.3762 0.4352 0.4923 0.5526 0.4291 0.6060 0.4658 -9999.0000 -9999.0000 -9999.0000 -9999.0000 -9999.0000 -9999.0000 -9999.0000 -9999.0000 -9999.0000 -9999.0000 -9999.0000 -9999.0000 -9999.0000 -9999.0000 -9999.0000 -9999.0000 -9999.0000 -9999.0000 -9999.0000 -9999.0000 -9999.0000 -9999.0000 -9999.0000 -9999.0000 -9999.0000 -9999.0000 -9999.0000 -9999.0000 -9999.0000 -9999.0000 -9999.0000
0.1834 0.1707 0.1834 0.1759 0.1998 0.1614 0.1768 0.1410 0.1352 0.1647 0.1513 0.1486 0.1699 0.1493 0.1630 0.1885 0.2600 0.1739 0.1746 0.1466 0.1696 0.1552 0.1668 0.1440 0.1719 0.1792 0.3379 0.2070 0.2690 0.2346 0.2011 0.1624 0.5047 0.3879 0.2235 0.3270 0.1894 0.3835 0.4472 0.1746 -9999.0000 -9999.0000 -9999.0000 -9999.0000 -9999.0000 -9999.0000 -9999.0000 -9999.0000 -9999.0000 -9999.0000 -9999.0000 -9999.0000 -9999.0000 -9999.0000 -9999.0000 -9999.0000 -9999.0000 -9999.0000 -9999.0000 -9999.0000 -9999.0000 -9999.0000 -9999.0000 -9999.0000 -9999.0000 -9999.0000 -9999.0000 -9999.0000 -9999.0000 -9999.0000 -9999.0000
0.1791 0.1538 0.1879 0.1845 0.1479 0.1456 0.1607 0.1342 0.1792 0.1513 0.1817 0.1566 0.1715 0.1341 0.1863 0.1585 0.1849 0.1474 0.2066 0.1750 0.1727 0.1572 0.1566 0.1501 0.1712 0.1592 0.1591 0.2866 0.1742 0.1782 0.1993 0.5062 0.3267 0.5002 0.5519 0.3918 0.2592 0.3155 0.4694 0.3926 -9999.0000 -9999.0000 -9999.0000 -9999.0000 -9999.0000 -9999.0000 -9999.0000 -9999.0000 -9999.0000 -9999.0000 -9999.0000 -9999.0000 -9999.0000 -9999.0000 -9999.0000 -9999.0000 -9999.0000 -9999.0000 -9999.0000 -9999.0000 -9999.0000 -9999.0000 -9999.0000 -9999.0000 -9999.0000 -9999.0000 -9999.0000 -9999.0000 -9999.0000 -9999.0000 -9999.0000
0.1365 0.1825 0.1769 0.1759 0.1710 0.1980 0.1780 0.1640 0.1449 0.1533 0.1427 0.1444 0.1621 0.1644 0.1377 0.1608 0.1509 0.1510 0.1763 0.1636 0.1635 0.1701 0.1474 0.1778 0.2051 0.1473 0.1569 0.1724 0.1659 0.1583 0.3366 0.2476 0.2474 0.5307 0.3680 0.4244 0.3072 0.2588 0.3891 0.3945 -9999.0000 -9999.0000 -9999.0000 -9999.0000 -9999.0000 -9999.0000 -9999.0000 -9999.0000 -9999.0000 -9999.0000 -9999.0000 -9999.0000 -9999.0000 -9999.0000 -9999.0000 -9999.0000 -9999.0000 -9999.0000 -9999.0000 -9999.0000 -9999.0000 -9999.0000 -9999.0000 -9999.0000 -9999.0000 -9999.0000 -9999.0000 -9999.0000 -9999.0000 -9999.0000 -9999.0000
0.1784 0.1470 0.1576 0.1487 0.1782 0.1478 0.1416 0.1230 0.1945 0.1414 0.1548 0.2504 0.1614 0.1522 0.1412 0.1760 0.1496 0.2552 0.1750 0.1568 0.1575 0.1741 0.1849 0.1613 0.2514 0.2468 0.1803 0.1622 0.1689 0.1820 0.1586 0.2413 0.4790 0.3409 0.5295 0.2183 0.3867 0.4209 0.4324 -9999.0000 -9999.0000 -9999.0000 -9999.0000 -9999.0000 -9999.0000 -9999.0000 -9999.0000 -9999.0000 -9999.0000 -9999.0000 -9999.0000 -9999.0000 -9999.0000 -9999.0000 -9999.0000 -9999.0000 -9999.0000 -9999.0000 -9999.0000 -9999.0000 -9999.0000 -9999.0000 -9999.0000 -9999.0000 -9999.0000 -9999.0000 -9999.0000 -9999.0000 -9999.0000 -9999.0000 -9999.0000
0.1723 0.1764 0.1478 0.1417 0.1454 0.1628 0.1745 0.1609 0.1634 0.1588 0.1417 0.1964 0.1477 0.1376 0.1684 0.1622 0.1325 0.1820 0.1680 0.2020 0.1883 0.2363 0.1613 0.1610 0.1684 0.2254 0.1573 0.1579 0.1590 0.1498 0.1743 0.2659 0.1672 0.2443 0.3893 0.1822 0.3500 0.3936 0.3742 -9999.0000 -9999.0000 -9999.0000 0.4451 0.5080 0.5656 -9999.0000 -9999.0000 -9999.0000 -9999.0000 -9999.0000 -9999.0000 -9999.0000 -9999.0000 -9999.0000 -9999.0000 -9999.0000 -9999.0000 -9999.0000 -9999.0000 -9999.0000 -9999.0000 -9999.0000 -9999.0000 -9999.0000 -9999.0000 -9999.0000 -9999.0000 -9999.0000 -9999.0000 -9999.0000 -9999.0000
0.1903 0.1340 0.1740 0.1871 0.1545 0.1631 0.1383 0.1647 0.1639 0.1686 0.1884 0.1750 0.1654 0.1794 0.0919 0.1502 0.1478 0.1716 0.2728 0.1550 0.1512 0.1630 0.1652 0.1341 0.1605 0.1428 0.2081 0.1580 0.2130 0.2302 0.2400 0.2760 0.4082 0.1884 0.2572 0.2537 0.1543 0.3205 0.2582 -9999.0000 -9999.0000 0.4666 0.4778 0.4890 0.5012 0.5118 0.5682 -9999.0000 -9999.0000 -9999.0000 -9999.0000 -9999.0000 -9999.0000 -9999.0000 -9999.0000 -9999.0000 -9999.0000 -9999.0000 -9999.0000 -9999.0000 -9999.0000 -9999.0000 -9999.0000 -9999.0000 -9999.0000 -9999.0000 -9999.0000 -9999.0000 -9999.0000 -9999.0000 -9999.0000
0.1885 0.1872 0.1546 0.1660 0.1885 0.1731 0.1788 0.1743 0.1748 0.1894 0.1319 0.1776 0.2051 0.1384 0.1433 0.1353 0.1246 0.1414 0.1183 0.1912 0.2282 0.1456 0.2006 0.1591 0.2934 0.2239 0.1526 0.1487 0.1591 0.2209 0.2288 0.1713 0.2526 0.4490 0.3337 0.2512 0.2320 0.2149 0.3766 0.5416 0.5186 0.3086 0.4444 0.4047 0.4336 0.5431 0.5031 0.5036 -9999.0000 -9999.0000 -9999.0000 -9999.0000 -9999.0000 -9999.0000 -9999.0000 -9999.0000 -9999.0000 -9999.0000 -9999.0000 -9999.0000 -9999.0000 -9999.0000 -9999.0000 -9999.0000 -9999.0000 -9999.0000 -9999.0000 -9999.0000 -9999.0000 -9999.0000 -9999.0000
0.2985 0.1513 0.1640 0.1390 0.1554 0.1570 0.1521 0.1165 0.1597 0.1396 0.1674 0.1604 0.2672 0.1759 0.2278 0.1446 0.1388 0.1655 0.1738 0.1411 0.1481 0.1650 0.1520 0.1705 0.1445 0.1650 0.1661 0.1657 0.1669 0.2273 0.2318 0.1550 0.1549 0.3687 0.2648 0.2507 0.3524 0.4236 0.2462 0.4118 0.2767 0.2798 0.3809 0.3803 0.4867 0.4252 0.4618 0.4742 0.6238 -9999.0000 -9999.0000 -9999.0000 -9999.0000 -9999.0000 -9999.0000 -9999.0000 -9999.0000 -9999.0000 -9999.0000 -9999.0000 -9999.0000 -9999.0000 -9999.0000 -9999.0000 -9999.0000 -9999.0000 -9999.0000 -9999.0000 -9999.0000 -9999.0000 -9999.0000
0.2125 0.1555 0.1729 0.2117 0.1750 0.1613 0.1562 0.1718 0.1572 0.1570 0.1282 0.1479 0.1637 0.1610 0.1448 0.0972 0.3178 0.1462 0.1579 0.1566 0.1578 0.1414 0.2108 0.2940 0.1427 0.1646 0.1352 0.1311 0.1289 0.3027 0.2761 0.1406 0.4514 0.3592 0.3367 0.3413 0.3798 0.2148 -9999.0000 -9999.0000 0.3238 0.2156 0.2243 0.3857 0.1635 0.3069 0.3108 0.4506 0.4584 0.4597 -9999.0000 -9999.0000 -9999.0000 -9999.0000 -9999.0000 -9999.0000 -9999.0000 -9999.0000 -9999.0000 -9999.0000 -9999.0000 -9999.0000 -9999.0000 -9999.0000 -9999.0000 -9999.0000 -9999.0000 -9999.0000 -9999.0000 -9999.0000 -9999.0000
0.1570 0.1539 0.1281 0.1543 0.2014 0.1492 0.1606 0.1559 0.1426 0.1713 0.2012 0.1703 0.2772 0.1664 0.1393 0.1259 0.1430 0.1259 0.1129 0.1439 0.1590 0.1344 0.1497 0.1505 0.1300 0.1430 0.1698 0.1630 0.1582 0.1873 0.1565 0.2267 0.1468 0.3716 0.5200 0.3810 0.2675 0.3844 0.3957 0.3872 0.3853 0.2697 0.3571 0.2083 0.1628 0.1791 0.2934 0.5130 0.6034 0.4893 0.5028 -9999.0000 -9999.0000 -9999.0000 -9999.0000 -9999.0000 -9999.0000 -9999.0000 -9999.0000 -9999.0000 -9999.0000 -9999.0000 -9999.0000 -9999.0000 -9999.0000 -9999.0000 -9999.0000 -9999.0000 -9999.0000 -9999.0000 -9999.0000
0.2000 0.1490 0.1357 0.1493 0.1281 0.1960 0.1745 0.2329 0.1587 0.1235 0.1817 0.1765 0.1688 0.2219 0.1838 0.1211 0.1702 0.1118 0.1227 0.1297 0.1672 0.1568 0.1201 0.1429 0.1500 0.1610 0.1412 0.1571 0.1340 0.1875 0.1512 0.1594 0.1665 0.3081 0.4378 0.5704 0.3675 0.4272 0.3412 0.3919 0.4126 0.1700 0.3605 0.1536 0.1676 0.2145 0.2699 0.5122 0.4447 0.6360 0.5293 0.4926 0.5799 -9999.0000 -9999.0000 -9999.0000 -9999.0000 -9999.0000 -9999.0000 -9999.0000 -9999.0000 -9999.0000 -9999.0000 -9999.0000 -9999.0000 -9999.0000 -9999.0000 -9999.0000 -9999.0000 -9999.0000 -9999.0000
0.1477 0.3118 0.3091 0.1528 0.1510 0.1769 0.1837 0.1973 0.1763 0.1640 0.1661 0.2441 0.2371 0.1672 0.2237 0.1184 0.2526 0.1949 0.1146 0.1169 0.1382 0.1107 0.1426 0.1410 0.1496 0.1501 0.1508 0.1337 0.1395 0.1617 0.1720 0.3249 0.1607 0.1556 0.1815 0.3871 0.4406 0.5330 0.4139 0.2950 0.4768 0.3476 0.4575 0.2734 0.2274 0.1387 0.1955 0.2463 0.2662 0.3312 0.4831 0.4581 0.5415 0.4855 0.6540 -9999.0000 -9999.0000 -9999.0000 -9999.0000 -9999.0000 -9999.0000 -9999.0000 -9999.0000 -9999.0000 -9999.0000 -9999.0000 -9999.0000 -9999.0000 -9999.0000 -9999.0000 -9999.0000
0.1590 0.2335 0.1349 0.2609 0.2495 0.1358 0.1444 0.1401 0.1112 0.1426 0.2746 0.2567 0.2906 0.2000 0.2630 0.1800 0.3409 0.1540 0.1328 0.1298 0.1500 0.1481 0.1412 0.1172 0.1353 0.1382 0.1635 0.2016 0.2173 0.1570 0.1440 0.1376 0.1584 0.2160 0.2153 0.1669 0.4308 0.1341 0.3502 0.3599 0.3419 0.1389 0.2114 0.2786 0.1968 0.1454 0.1324 0.3904 0.3450 0.5953 0.4419 0.6274 0.4509 0.4728 0.5225 0.5860 -9999.0000 -9999.0000 -9999.0000 -9999.0000 -9999.0000 -9999.0000 -9999.0000 -9999.0000 -9999.0000 -9999.0000 -9999.0000 -9999.0000 -9999.0000 -9999.0000 -9999.0000
0.2910 0.3276 0.2461 0.1309 0.1213 0.1451 0.1055 0.1231 0.2145 0.1573 0.3371 0.3216 0.2055 0.2430 0.3320 0.1688 0.1749 0.1238 0.2082 0.1771 0.1241 0.1564 0.1274 0.1335 0.1479 0.1454 0.1056 0.1298 0.2159 0.1149 0.1379 0.1538 0.1473 0.3411 0.1565 0.3871 0.4701 0.1237 0.2308 0.1644 0.3366 0.1919 0.1428 0.2149 0.1802 0.1953 0.1412 0.1572 0.4234 0.5956 0.4569 0.4568 0.5397 0.5889 0.3962 0.4545 -9999.0000 -9999.0000 -9999.0000 -9999.0000 -9999.0000 -9999.0000 -9999.0000 -9999.0000 -9999.0000 -9999.0000 -9999.0000 -9999.0000 -9999.0000 -9999.0000 -9999.0000
0.2968 0.2350 0.2995 0.4007 0.3055 0.4660 0.4525 0.4174 0.3852 0.3197 0.3603 0.3507 0.2966 0.3308 0.3142 0.1391 0.1227 0.1719 0.1379 0.1999 0.2601 0.2286 0.1487 0.1556 0.1405 0.1325 0.2091 0.1134 0.1344 0.1388 0.1361 0.1544 0.1318 0.1728 0.1949 0.1466 0.1231 0.1378 0.1495 0.1466 0.2793 0.1282 0.1511 0.2008 0.1756 0.1330 0.1827 0.1688 0.2535 0.5951 0.5625 0.2814 0.3519 0.6418 0.4547 0.6078 -9999.0000 -9999.0000 -9999.0000 -9999.0000 -9999.0000 -9999.0000 -9999.0000 -9999.0000 -9999.0000 -9999.0000 -9999.0000 -9999.0000 -9999.0000 -9999.0000 -9999.0000
0.2903 0.3152 0.3469 0.5188 0.5382 0.5133 0.5588 0.5634 0.5084 0.2747 0.2606 0.2529 0.2470 0.1258 0.1157 0.1060 0.1183 0.1476 0.1422 0.1474 0.2439 0.4556 0.1062 0.1375 0.1489 0.1574 0.1486 0.1442 0.1245 0.1690 0.2489 0.1472 0.1612 0.1546 0.1611 0.2745 0.1486 0.1890 0.1467 0.2507 0.1322 0.1481 0.1729 0.1611 0.1550 0.1663 0.2021 0.2010 0.1755 0.1779 0.4618 0.4041 0.2214 0.2051 0.3545 0.3250 -9999.0000 -9999.0000 -9999.0000 0.5226 0.5064 0.4584 0.4684 0.4855 -9999.0000 -9999.0000 -9999.0000 -9999.0000 -9999.0000 -9999.0000 -9999.0000
0.3443 0.5349 0.3974 0.5132 0.4928 0.4954 0.4869 0.4678 0.4656 0.2035 0.1395 0.2515 0.1634 0.1308 0.1281 0.1211 0.1177 0.1682 0.1313 0.1525 0.2046 0.4834 0.1475 0.1247 0.1111 0.1920 0.1385 0.1529 0.1450 0.1521 0.1311 0.1413 0.1427 0.1365 0.1953 0.2785 0.1400 0.1819 0.3017 0.1457 0.1753 0.1564 0.1598 0.1567 0.1295 0.1418 0.1482 0.2312 0.1741 0.1807 0.2499 0.2574 0.1670 0.4944 0.4857 0.6848 0.4209 0.5734 0.6142 0.4793 0.5461 0.4384 0.3942 0.5266 0.6152 0.3799 0.6217 0.4871 0.5857 -9999.0000 -9999.0000
0.3291 0.4641 0.5091 0.4760 0.4421 0.4667 0.4680 0.3475 0.3523 0.2674 0.2370 0.2703 0.2065 0.2951 0.3163 0.1462 0.1306 0.1939 0.1297 0.2392 0.1859 0.4384 0.2564 0.2065 0.2792 0.2271 0.1437 0.1418 0.1012 0.1302 0.1359 0.1474 0.1304 0.1530 0.2613 0.1574 0.1394 0.1317 0.1502 0.1682 0.1727 0.2105 0.3340 0.1385 0.1427 0.1068 0.1800 0.1527 0.2438 0.3257 0.3172 0.2110 0.2507 0.1769 0.2908 0.2935 0.5133 0.4669 0.4241 0.5185 0.3654 0.4461 0.4788 0.5116 0.5078 0.4570 0.5557 0.4595 0.4051 0.3397 0.5513
0.2710 0.3614 0.4618 0.4475 0.4389 0.4913 0.4144 0.3378 0.2699 0.2540 0.2944 0.2255 0.1874 0.2406 0.3364 0.1456 0.1856 0.1896 0.1390 0.1194 0.2343 0.3228 0.2161 0.3314 0.1041 0.1463 0.1332 0.1026 0.1496 0.1057 0.1277 0.1521 0.1375 0.1495 0.1785 0.1634 0.1461 0.1600 0.2043 0.1195 0.1984 0.1876 0.2926 0.1370 0.1162 0.1673 0.1740 0.1313 0.2015 0.2457 0.1742 0.1857 0.2037 0.2419 0.1870 0.5939 0.5326 0.3286 0.6211 0.2870 0.4648 0.2606 0.3352 0.5027 0.3779 0.4350 0.3047 0.3261 0.2386 0.4197 0.4714
0.2854 0.3970 0.4178 0.4605 0.4299 0.4256 0.4462 0.3833 0.4041 0.2361 0.3809 0.2552 0.1319 0.1185 0.1535 0.1680 0.2062 0.2044 0.1431 0.2001 0.1948 0.1888 0.2871 0.2469 0.1464 0.1350 0.1298 0.1244 0.1097 0.1227 0.1203 0.1390 0.1176 0.1439 0.1545 0.1549 0.1445 0.1460 0.1488 0.1409 0.3599 0.1993 0.1648 0.1238 0.0976 0.1162 0.1782 0.1907 0.1501 0.2061 0.2152 0.2263 0.1807 0.2000 0.2373 0.2466 0.3927 0.2619 0.4425 0.3353 0.2435 0.3891 0.1980 0.1768 0.5559 0.4527 0.4429 0.2620 0.3002 0.2997 0.2764
0.3007 0.2842 0.3814 0.4019 0.4506 0.4587 0.4592 0.4187 0.3917 0.3863 0.5484 0.4587 0.2473 0.1116 0.1815 0.1757 0.3622 0.1308 0.1414 0.1862 0.3116 0.2033 0.1943 0.2469 0.1800 0.1064 0.1063 0.1216 0.1125 0.1301 0.1359 0.1423 0.1318 0.1452 0.1060 0.1509 0.2000 0.3916 0.2203 0.2419 0.1258 0.3646 0.1571 0.1167 0.1702 0.1232 0.1139 0.1618 0.1109 0.2172 0.1258 0.1321 0.1182 0.1192 0.2079 0.4526 0.2314 0.4902 0.3332 0.2044 0.1505 0.2123 0.1665 0.1641 0.2330 0.4619 0.3258 0.3121 0.2883 0.2288 0.1889
0.2645 0.3108 0.3735 0.3817 0.4584 0.4394 0.3995 0.3270 0.4085 0.3937 0.5929 0.5354 0.3464 0.1191 0.1551 0.1145 0.1739 0.2067 0.1671 0.1537 0.1847 0.2253 0.4233 0.3787 0.2118 0.2196 0.1654 0.2054 0.1483 0.1548 0.1361 0.1566 0.1385 0.1626 0.3038 0.2004 0.1619 0.1346 0.1724 0.2204 0.1634 0.2629 0.1744 0.1058 0.1527 0.1746 0.1533 0.1051 0.1244 0.1216 0.1558 0.2011 0.1488 0.1901 0.1166 0.1946 0.1876 0.1691 0.2315 0.1132 0.1277 0.1144 0.1637 0.2010 0.1823 0.4520 0.4643 0.2107 0.1845 0.2152 0.2092
0.3445 0.4197 0.3165 0.3969 0.3882 0.3910 0.3095 0.2882 0.3992 0.4078 0.3643 0.4311 0.5178 0.3062 0.2289 0.2198 0.1958 0.2536 0.2557 0.3170 0.2998 0.2683 0.4046 0.3359 0.2312 0.2318 0.1598 0.1071 0.1890 0.1722 0.2296 0.1417 0.1183 0.1618 0.1319 0.1572 0.1499 0.1546 0.1698 0.1405 0.1783 0.2185 0.1258 0.1063 0.1399 0.2287 0.1304 0.1128 0.1057 0.1348 0.1295 0.1554 0.1234 0.1052 0.1459 0.2063 0.2505 0.1996 0.3317 0.1198 0.1795 0.1315 0.1064 0.1309 0.1257 0.1936 0.2109 0.1382 0.2034 0.1999 0.1270
0.1965 0.2805 0.2482 0.3027 0.3632 0.3218 0.3052 0.4024 0.3436 0.4042 0.3608 0.3518 0.6095 0.8326 0.7031 0.4750 0.4209 0.2450 0.3822 0.4556 0.5635 0.4193 0.3913 0.4185 0.2162 0.1746 0.1912 0.1765 0.1439 0.1720 0.2466 0.2376 0.1266 0.2617 0.1241 0.2952 0.1795 0.1726 0.3687 0.1153 0.2271 0.0986 0.1413 0.1081 0.1437 0.1373 0.1128 0.1285 0.1041 0.1926 0.1762 0.0977 0.0990 0.1023 0.1235 0.1965 0.1431 0.1954 0.1606 0.1742 0.1340 0.1274 0.1190 0.1092 0.2338 0.3340 0.1236 0.1338 0.1113 0.1774 0.1394
0.2033 0.2108 0.4297 0.4361 0.2877 0.2727 0.3508 0.4207 0.3666 0.2945 0.3393 0.4291 0.5353 0.6584 0.5982 0.4713 0.4109 0.3282 0.2991 0.5702 0.5138 0.4795 0.2543 0.2029 0.2834 0.2174 0.1857 0.1640 0.1295 0.1571 0.1191 0.1208 0.1356 0.1351 0.1148 0.2216 0.1662 0.1884 0.1520 0.1540 0.3257 0.1684 0.1579 0.1660 0.1211 0.1063 0.1200 0.1254 0.1377 0.1176 0.1134 0.1829 0.1209 0.1208 0.1905 0.1920 0.1852 0.2104 0.1314 0.2732 0.1117 0.1434 0.1713 0.1250 0.1104 0.1676 0.1330 0.1015 0.1793 0.1199 0.1370
0.1847 0.1686 0.2539 0.3450 0.2647 0.3437 0.3756 0.3036 0.2703 0.3004 0.4248 0.4380 0.5231 0.4644 0.5265 0.6313 0.4375 0.3356 0.3419 0.5756 0.5279 0.4969 0.4647 0.2581 0.3866 0.1756 0.1648 0.1753 0.1242 0.1527 0.2696 0.1869 0.1273 0.1303 0.1351 0.2530 0.1373 0.1014 0.1447 0.1343 0.1275 0.2521 0.0985 0.1705 0.1246 0.2037 0.1196 0.0865 0.0902 0.0995 0.1094 0.1265 0.1198 0.1898 0.1248 0.1854 0.1963 0.1643 0.1029 0.1133 0.1094 0.1096 0.1152 0.1264 0.1628 0.1196 0.1406 0.1009 0.1275 0.1143 0.1118
0.2805 0.1888 0.2373 0.2737 0.2898 0.3313 0.2509 0.2406 0.2392 0.3095 0.3577 0.4656 0.4881 0.3735 0.4103 0.5015 0.3586 0.2742 0.3471 0.4209 0.5080 0.4838 0.3685 0.2867 0.4263 0.1307 0.1502 0.1935 0.1355 0.1205 0.1493 0.2031 0.1382 0.1620 0.1555 0.1456 0.1602 0.1330 0.1688 0.1208 0.0978 0.1135 0.1516 0.1125 0.1132 0.1038 0.1295 0.1035 0.0999 0.1247 0.1306 0.1112 0.1795 0.2173 0.1692 0.1789 0.1063 0.0966 0.1940 0.1818 0.1721 0.1225 0.1013 0.1745 0.0940 0.1801 0.1117 0.1058 0.3232 0.1221 0.1764
